image: /catkin_workspace/src/maps/out10.pgm
resolution: 0.050000
origin: [-6.674173, -41.200000, 0.000000]
negate: 0
occupied_thresh: 0.65
free_thresh: 0.196

